[0.8004, [0.803, 0.843, 0.84, 0.836, 0.8235]]
[0.79979999999999996, [0.8115, 0.824, 0.824, 0.824, 0.8025]]
[0.81079999999999997, [0.77, 0.833, 0.835, 0.835, 0.83]]
[0.79179999999999995, [0.8005, 0.83, 0.83, 0.8225, 0.803]]
[0.8054, [0.809, 0.8365, 0.842, 0.831, 0.8215]]
[0.80579999999999996, [0.791, 0.836, 0.833, 0.8295, 0.815]]
[0.79859999999999998, [0.8045, 0.8415, 0.8385, 0.8265, 0.8195]]
[0.79959999999999998, [0.801, 0.832, 0.81, 0.825, 0.8195]]
[0.80300000000000005, [0.8175, 0.8105, 0.832, 0.8265, 0.823]]
[0.8024, [0.815, 0.835, 0.8355, 0.8225, 0.819]]
[0.80500000000000005, [0.811, 0.8305, 0.8315, 0.8205, 0.8195]]
[0.7964, [0.808, 0.8365, 0.834, 0.824, 0.8155]]
[0.80500000000000005, [0.822, 0.8435, 0.8195, 0.829, 0.829]]
[0.80120000000000002, [0.814, 0.8295, 0.835, 0.822, 0.8195]]
[0.8034, [0.799, 0.8345, 0.8355, 0.825, 0.8145]]
[0.8044, [0.79, 0.8395, 0.8285, 0.825, 0.821]]
[0.80279999999999996, [0.8025, 0.8355, 0.8365, 0.8355, 0.8235]]
[0.80100000000000005, [0.802, 0.8465, 0.845, 0.8255, 0.814]]
[0.80940000000000001, [0.803, 0.8305, 0.8315, 0.8055, 0.8125]]
[0.79679999999999995, [0.8015, 0.843, 0.841, 0.828, 0.808]]
[0.80520000000000003, [0.7925, 0.8405, 0.839, 0.815, 0.819]]
[0.80759999999999998, [0.79, 0.8225, 0.8365, 0.83, 0.8205]]
[0.7994, [0.778, 0.838, 0.8355, 0.8385, 0.821]]
[0.79039999999999999, [0.798, 0.84, 0.8495, 0.8285, 0.802]]
[0.80020000000000002, [0.806, 0.8515, 0.8465, 0.8305, 0.8235]]
[0.80520000000000003, [0.8085, 0.8455, 0.8435, 0.833, 0.824]]
[0.80079999999999996, [0.83, 0.8275, 0.8355, 0.8285, 0.8125]]
[0.80559999999999998, [0.788, 0.8345, 0.8275, 0.827, 0.819]]
[0.80420000000000003, [0.8025, 0.8415, 0.8335, 0.8275, 0.8175]]
[0.7984, [0.812, 0.8405, 0.837, 0.8215, 0.8065]]
[0.80259999999999998, [0.8185, 0.829, 0.8275, 0.8265, 0.8155]]
[0.80859999999999999, [0.794, 0.8235, 0.833, 0.8115, 0.8175]]
[0.80359999999999998, [0.8085, 0.8435, 0.8325, 0.8275, 0.8295]]
[0.79979999999999996, [0.8155, 0.842, 0.8375, 0.8285, 0.822]]
[0.80579999999999996, [0.8055, 0.847, 0.8445, 0.8185, 0.8235]]
[0.80800000000000005, [0.8075, 0.8395, 0.834, 0.8155, 0.8245]]
[0.80700000000000005, [0.814, 0.8255, 0.8365, 0.8275, 0.8175]]
[0.80720000000000003, [0.796, 0.8285, 0.834, 0.8275, 0.81]]
[0.7954, [0.814, 0.846, 0.834, 0.825, 0.8145]]
[0.79479999999999995, [0.821, 0.835, 0.826, 0.8235, 0.825]]
[0.80300000000000005, [0.79, 0.842, 0.8295, 0.823, 0.8195]]
[0.80720000000000003, [0.8095, 0.84, 0.8115, 0.8305, 0.8285]]
[0.80120000000000002, [0.8115, 0.839, 0.826, 0.835, 0.8235]]
[0.80820000000000003, [0.807, 0.823, 0.8285, 0.826, 0.818]]
[0.81159999999999999, [0.8, 0.838, 0.84, 0.828, 0.823]]
[0.80459999999999998, [0.811, 0.8395, 0.834, 0.829, 0.8225]]
[0.80100000000000005, [0.817, 0.832, 0.8335, 0.8285, 0.8235]]
[0.80020000000000002, [0.8135, 0.8275, 0.835, 0.8375, 0.828]]
[0.79920000000000002, [0.8015, 0.829, 0.8375, 0.82, 0.8165]]
[0.8044, [0.8135, 0.8355, 0.8335, 0.8255, 0.8185]]
