[0.15951073389915127]
[0.15951073389915127]
[0.15951073389915127]
[0.15951073389915127]
[0.15951073389915127]
[0.15951073389915127]
[0.15951073389915127]
[0.15951073389915127]
[0.15951073389915127]
[0.15951073389915127]
[0.15951073389915127]
[0.15951073389915127]
[0.15951073389915127]
[0.15951073389915127]
[0.15951073389915127]
[0.15951073389915127]
[0.15951073389915127]
[0.20853719420868697]
[0.23859211183225162]
[0.2571642536195706]
[0.2925112331502746]
[0.299201198202696]
[0.3016974538192711]
[0.32815776335496755]
[0.32830753869196205]
[0.3394408387418872]
[0.3424363454817773]
[0.3618072890664004]
[0.36585122316525215]
[0.37908137793310037]
[0.38861707438841736]
[0.39490763854218675]
[0.3967548676984523]
[0.4041937094358462]
[0.4142785821268098]
[0.41722416375436844]
[0.4258112830753869]
[0.42426360459311036]
[0.4346480279580629]
[0.427009485771343]
[0.4215177234148777]
[0.4442336495257114]
[0.4490763854218672]
[0.45681477783325014]
[0.4577134298552172]
[0.4669995007488767]
[0.47169246130803794]
[0.47134298552171744]
[0.4793310034947579]
[0.4797803295057414]
[0.4761357963055417]
[0.49550673989016475]
[0.48886669995007487]
[0.48991512730903647]
[0.5013479780329506]
[0.4962056914628058]
[0.48622066899650523]
[0.4867698452321518]
[0.5087868197703445]
