[0.17933100349475786]
[0.29186220668996504]
[0.31367948077883173]
[0.32421367948077884]
[0.3237643534697953]
[0.3486270594108837]
[0.35596605092361455]
[0.3568147778332501]
[0.3780828756864703]
[0.38637044433349976]
[0.3911133300049925]
[0.39965052421367947]
[0.40963554667998003]
[0.4143285072391413]
[0.42146779830254616]
[0.42366450324513233]
[0.42481278082875684]
[0.4349475786320519]
[0.4308537194208687]
[0.4434348477284074]
[0.4457314028956565]
[0.4398901647528707]
[0.4473789316025961]
[0.46330504243634546]
[0.4620069895157264]
[0.4507738392411383]
[0.4657014478282576]
[0.4670494258612082]
[0.4693459810284573]
[0.46799800299550676]
[0.4763854218671992]
[0.4796804792810784]
[0.4824762855716425]
[0.4877184223664503]
[0.4910134797803295]
[0.49046430354468296]
[0.4925611582626061]
[0.4690963554667998]
[0.4889665501747379]
[0.4944083874188717]
[0.4853719420868697]
[0.4861208187718422]
[0.5001497753369946]
[0.49785322016974537]
[0.49585621567648525]
[0.49565651522715926]
[0.509136295556665]
[0.49221168247628555]
[0.5019470793809286]
[0.5055416874687968]
[0.5123814278582127]
[0.49885172241637543]
[0.4975037443834249]
[0.4870693959061408]
[0.5088866699950075]
[0.5071392910634049]
[0.5097353969046431]
[0.5055416874687968]
[0.49895157264103845]
