[0.15951073389915127]
[0.15951073389915127]
[0.15951073389915127]
[0.15951073389915127]
[0.15951073389915127]
[0.15951073389915127]
[0.15951073389915127]
[0.15951073389915127]
[0.15951073389915127]
[0.15951073389915127]
[0.15951073389915127]
[0.15951073389915127]
[0.15951073389915127]
[0.15951073389915127]
[0.20314528207688468]
[0.21687468796804793]
[0.2432850723914129]
[0.27653519720419373]
[0.2796305541687469]
[0.2927608587119321]
[0.30968547179231154]
[0.30853719420868697]
[0.3204692960559161]
[0.3351972041937094]
[0.34832750873689466]
[0.35466799800299553]
[0.3579131303045432]
[0.35921118322516227]
[0.36605092361457814]
[0.3706440339490764]
[0.37913130304543186]
[0.38607089365951075]
[0.3930104842735896]
[0.39490763854218675]
[0.39885172241637545]
[0.41003494757863207]
[0.4134797803295057]
[0.418671992011982]
[0.41512730903644535]
[0.4188217673489765]
[0.4312031952071892]
[0.4292561158262606]
[0.4326010983524713]
[0.43175237144283574]
[0.4376435346979531]
[0.44133799301048426]
[0.4447329006490265]
[0.4492261607588617]
[0.4524712930604094]
[0.4568647029455816]
[0.45551672491263107]
[0.4594108836744883]
[0.45906140788816774]
[0.4621567648527209]
[0.4648027958062906]
[0.4673489765351972]
[0.4705941088367449]
[0.47169246130803794]
[0.47164253619570645]
