[0.18217673489765351]
[0.2037943085371942]
[0.2166250624063904]
[0.2250624063904144]
[0.23020469296055915]
[0.23514727908137795]
[0.2398901647528707]
[0.24228657014478283]
[0.24583125312031953]
[0.2473789316025961]
[0.25017473789316025]
[0.25142286570144784]
[0.2519720419370944]
[0.25616575137294056]
[0.254218671992012]
[0.2582126809785322]
[0.2592611083374938]
[0.25931103344982526]
[0.25946080878681976]
[0.2620569146280579]
[0.26075886170743884]
[0.26085871193210186]
[0.2619071392910634]
[0.2617074388417374]
[0.26450324513230156]
[0.2656515227159261]
[0.26230654018971544]
[0.263554667998003]
[0.264153769345981]
[0.26440339490763853]
[0.2638042935596605]
[0.26595107338991514]
[0.26674987518721915]
[0.26625062406390415]
[0.2652521218172741]
[0.26610084872690964]
[0.2669495756365452]
[0.26689965052421366]
[0.2656515227159261]
[0.2650524213679481]
[0.26620069895157267]
[0.2674987518721917]
[0.26660009985022465]
[0.2671992011982027]
[0.2659011482775836]
[0.26660009985022465]
[0.2672990514228657]
[0.26615077383924113]
[0.26655017473789316]
[0.2655017473789316]
[0.2666500249625562]
[0.26610084872690964]
[0.26655017473789316]
[0.2688966550174738]
[0.2654018971542686]
[0.26674987518721915]
[0.2655516724912631]
[0.2660509236145781]
[0.2676485272091862]
