[0.15951073389915127]
[0.15951073389915127]
[0.15951073389915127]
[0.15951073389915127]
[0.15951073389915127]
[0.1819770344483275]
[0.21173240139790314]
[0.23519720419370943]
[0.28457314028956565]
[0.2927608587119321]
[0.3092860708936595]
[0.3241138292561158]
[0.33909136295556663]
[0.3491263105341987]
[0.3587119321018472]
[0.3691462805791313]
[0.3855716425361957]
[0.3948077883175237]
[0.400698951572641]
[0.41912131802296554]
[0.4276585122316525]
[0.4332001997004493]
[0.43140289565651524]
[0.4349475786320519]
[0.4530703944083874]
[0.4617573639540689]
[0.46819770344483275]
[0.46784822765851225]
[0.4783824263604593]
[0.48796804792810783]
[0.49136295556665005]
[0.4875187219171243]
[0.49785322016974537]
[0.5044932601098352]
[0.5072890664003994]
[0.5126310534198701]
[0.5145781328007988]
[0.5250624063904143]
[0.5291562656015976]
[0.5321018472291562]
[0.5349475786320519]
[0.5385421867199202]
[0.5371442835746381]
[0.5399400898652021]
[0.5420868696954568]
[0.5489266100848726]
[0.5480279580629056]
[0.5543684473290065]
[0.5493260109835247]
[0.5528207688467299]
[0.5560659011482776]
[0.554218671992012]
[0.5595606590114828]
[0.5618072890664004]
[0.5568147778332502]
[0.5587618572141787]
[0.5651023464802796]
[0.5662506240639041]
[0.5667498751872192]
