[0.18112830753869197]
[0.3072890664003994]
[0.35501747378931603]
[0.39695456814777835]
[0.4341487768347479]
[0.46315526709935095]
[0.48796804792810783]
[0.5148776834747878]
[0.5301048427358962]
[0.536045931103345]
[0.5452321517723415]
[0.5477783325012481]
[0.555317024463305]
[0.5550673989016476]
[0.5582126809785322]
[0.5576635047428856]
[0.555017473789316]
[0.5586620069895157]
[0.5573639540688966]
[0.5568147778332502]
[0.5514228657014478]
[0.5519221168247629]
[0.554018971542686]
[0.5512730903644533]
[0.5513230154767849]
[0.5495257114328507]
[0.5529206190713929]
[0.5458312531203195]
[0.5464303544682976]
[0.54518222666001]
[0.5420868696954568]
[0.5373439840239641]
[0.5373439840239641]
[0.537843235147279]
[0.5360958562156765]
[0.5423364952571144]
[0.5373439840239641]
[0.5318022965551672]
[0.5335496754867698]
[0.5318522216674988]
[0.5387918122815777]
[0.5326510234648028]
[0.5347978032950574]
[0.5309535696455318]
[0.5308537194208687]
[0.5294558162755866]
[0.5308537194208687]
[0.5309535696455318]
[0.5242136794807788]
[0.5252121817274089]
[0.5308537194208687]
[0.5283574638042936]
[0.5219670494258613]
[0.5234648027958063]
[0.5269595606590115]
[0.526709935097354]
[0.5221667498751872]
[0.5268597104343484]
[0.5256115826260609]
