[0.19051422865701448]
[0.29880179730404394]
[0.3600599101347978]
[0.41233150274588115]
[0.4332501248127808]
[0.46330504243634546]
[0.49560659011482777]
[0.5134797803295057]
[0.5308537194208687]
[0.5382426360459311]
[0.5510733899151273]
[0.5512231652521218]
[0.553919121318023]
[0.5606090863704444]
[0.5611083374937593]
[0.5597104343484773]
[0.5594108836744882]
[0.563055416874688]
[0.5585122316525212]
[0.5587618572141787]
[0.5563155267099351]
[0.5566150773839241]
[0.5566150773839241]
[0.554518222666001]
[0.5490264603095357]
[0.5479281078382426]
[0.5446330504243635]
[0.5472291562656016]
[0.5480778831752371]
[0.5487269096355467]
[0.546580129805292]
[0.5405891163255118]
[0.5429855217174239]
[0.5382426360459311]
[0.5316525212181727]
[0.5384922616075886]
[0.5399400898652021]
[0.5329006490264603]
[0.5333999001497753]
[0.5327009485771343]
[0.5332501248127808]
[0.5323015476784823]
[0.5321018472291562]
[0.5339990014977534]
[0.5346480279580629]
[0.5366949575636545]
[0.5304043934098852]
[0.5256615077383924]
[0.5268097853220169]
[0.528307538691962]
[0.5265102346480279]
[0.5292061907139292]
[0.5244633050424363]
[0.5248127808287568]
[0.528207688467299]
[0.5269595606590115]
[0.5246130803794309]
[0.5251123315027458]
[0.5271592611083374]
