[0.15951073389915127]
[0.15951073389915127]
[0.15951073389915127]
[0.15951073389915127]
[0.15951073389915127]
[0.15951073389915127]
[0.15951073389915127]
[0.15951073389915127]
[0.15951073389915127]
[0.15951073389915127]
[0.15951073389915127]
[0.15951073389915127]
[0.10244633050424364]
[0.15951073389915127]
[0.15951073389915127]
[0.15951073389915127]
[0.15951073389915127]
[0.15951073389915127]
[0.10244633050424364]
[0.15951073389915127]
[0.10244633050424364]
[0.15951073389915127]
[0.15951073389915127]
[0.15951073389915127]
[0.15951073389915127]
[0.15951073389915127]
[0.15951073389915127]
[0.15951073389915127]
[0.15951073389915127]
[0.10244633050424364]
[0.15951073389915127]
[0.15951073389915127]
[0.15951073389915127]
[0.15951073389915127]
[0.15951073389915127]
[0.15951073389915127]
[0.15951073389915127]
[0.15951073389915127]
[0.15951073389915127]
[0.15951073389915127]
[0.15951073389915127]
[0.15951073389915127]
[0.10244633050424364]
[0.15951073389915127]
[0.15951073389915127]
[0.10244633050424364]
[0.10244633050424364]
[0.15951073389915127]
[0.15951073389915127]
[0.15951073389915127]
[0.15951073389915127]
[0.15951073389915127]
[0.15951073389915127]
[0.15951073389915127]
[0.15951073389915127]
[0.15951073389915127]
[0.15951073389915127]
[0.15951073389915127]
[0.15951073389915127]
